0 0.885584 0.234496 0.0755149 0.0839793
0 0.913616 0.50323 0.0858124 0.0968992
0 0.435927 0.358527 0.0755149 0.0813954
0 0.8873 0.0406977 0.0583524 0.0607235
0 0.101831 0.50969 0.100686 0.0839793
0 0.543478 0.912791 0.185355 0.174419
0 0.627002 0.621447 0.0686499 0.0568475
0 0.669336 0.210594 0.0686499 0.0723514
0 0.854691 0.761628 0.0572082 0.0736434
0 0.147025 0.697028 0.172769 0.189922
0 0.320366 0.167313 0.100686 0.102067
0 0.952517 0.704134 0.0949657 0.149871
0 0.567506 0.0639535 0.141876 0.127907
0 0.705378 0.381137 0.076659 0.0671835
