0 0.158902 0.463218 0.0748752 0.0666667
0 0.214642 0.633333 0.0366057 0.062069
0 0.46173 0.262069 0.0449251 0.0643678
0 0.143095 0.703448 0.0532446 0.0505747
0 0.912646 0.473563 0.0349418 0.0597701
0 0.321963 0.965517 0.0615641 0.0597701
0 0.519967 0.935632 0.0449251 0.0367816
0 0.128952 0.574713 0.0449251 0.0505747
0 0.378536 0.0735632 0.0815308 0.133333
0 0.588186 0.772414 0.0948419 0.0873563
0 0.472546 0.382759 0.0698835 0.062069
0 0.970882 0.748276 0.0482529 0.0712644
0 0.511647 0.157471 0.0715474 0.062069
0 0.648918 0.890805 0.046589 0.062069
0 0.853577 0.668966 0.0399334 0.0367816
0 0.216306 0.18046 0.0565724 0.0574713
0 0.317804 0.494253 0.0532446 0.0689655
0 0.908486 0.186207 0.046589 0.0643678
0 0.817804 0.0862069 0.0549085 0.0574713
0 0.0291181 0.713793 0.0415973 0.062069
0 0.0207987 0.548276 0.0415973 0.135632
0 0.636439 0.605747 0.0648918 0.108046
0 0.733777 0.41954 0.0532446 0.0712644
0 0.925125 0.651724 0.046589 0.0390805
0 0.727121 0.765517 0.0698835 0.091954
0 0.982529 0.56092 0.0349418 0.0643678
0 0.217138 0.84023 0.0515807 0.062069
0 0.383527 0.657471 0.0848586 0.0965517
0 0.980865 0.287356 0.0382695 0.0413793
0 0.607321 0.318391 0.0565724 0.0758621
0 0.930948 0.93908 0.108153 0.121839
