0 0.620267 0.365657 0.0512249 0.0646465
0 0.827394 0.115152 0.0868597 0.0646465
0 0.35078 0.194949 0.100223 0.0424242
0 0.146993 0.974747 0.0489978 0.0343434
0 0.0567929 0.687879 0.077951 0.0424242
0 0.200445 0.168687 0.0489978 0.050505
0 0.0289532 0.750505 0.0579065 0.0626263
0 0.344098 0.667677 0.0467706 0.050505
0 0.272829 0.720202 0.0690423 0.0222222
0 0.809577 0.980808 0.0690423 0.0383838
0 0.0556793 0.516162 0.0712695 0.0828283
0 0.783964 0.5 0.0623608 0.0545455
0 0.0801782 0.363636 0.0668151 0.0282828
0 0.788419 0.664646 0.0890869 0.0606061
0 0.494432 0.782828 0.0668151 0.0424242
0 0.60245 0.564646 0.0467706 0.0585859
0 0.376392 0.942424 0.0623608 0.0545455
0 0.347439 0.432323 0.111359 0.0525253
0 0.639198 0.744444 0.0534521 0.0464646
0 0.0233853 0.907071 0.0423163 0.0565657
0 0.380846 0.827273 0.0846325 0.0464646
0 0.238307 0.556566 0.0623608 0.0787879
0 0.723831 0.281818 0.0668151 0.0626263
0 0.19265 0.90101 0.104677 0.0888889
0 0.757238 0.569697 0.0623608 0.0444444
0 0.889755 0.870707 0.077951 0.0606061
0 0.512249 0.0777778 0.0801782 0.0545455
0 0.194878 0.275758 0.140312 0.111111
0 0.613586 0.481818 0.0467706 0.0626263
0 0.422049 0.557576 0.0868597 0.0686869
