0 0.659213 0.224211 0.13059 0.0217544
0 0.47898 0.0133333 0.0384615 0.0266667
0 0.354204 0.706316 0.0518784 0.0414035
0 0.895349 0.729825 0.0661896 0.0477193
0 0.974061 0.608421 0.0465116 0.0378947
0 0.0371199 0.619649 0.0456172 0.0336842
0 0.776386 0.932632 0.059034 0.0589474
0 0.763417 0.497193 0.0563506 0.0357895
0 0.339893 0.783509 0.0518784 0.0414035
0 0.447674 0.83579 0.0313059 0.0336842
0 0.253578 0.457895 0.0509839 0.0498246
0 0.43381 0.0712281 0.0554562 0.034386
0 0.655188 0.769474 0.0563506 0.0498246
0 0.0957066 0.208772 0.0447227 0.045614
0 0.234794 0.808772 0.0474061 0.0442105
0 0.950805 0.134386 0.0912343 0.0610526
0 0.682916 0.358947 0.0581395 0.0470175
0 0.748658 0.808772 0.0554562 0.0484211
0 0.257603 0.647719 0.110912 0.0715789
0 0.858229 0.257193 0.0545617 0.0470175
0 0.738819 0.0592982 0.155635 0.118596
0 0.112254 0.132982 0.049195 0.034386
0 0.905635 0.981053 0.0599284 0.0378947
0 0.880143 0.572632 0.0679785 0.0547368
0 0.509839 0.645965 0.350626 0.12
0 0.815742 0.383158 0.110912 0.0996491
0 0.554114 0.889474 0.104651 0.0680702
0 0.559481 0.441053 0.174419 0.0722807
