0 0.579882 0.0565611 0.0946746 0.0633484
0 0.406805 0.70362 0.0680473 0.0542986
0 0.717456 0.244344 0.0976331 0.0542986
0 0.045858 0.135747 0.091716 0.0950226
0 0.313609 0.643665 0.12426 0.0927602
0 0.818047 0.0531674 0.0857988 0.0656109
0 0.79142 0.306561 0.121302 0.0746606
0 0.352071 0.865385 0.106509 0.061086
0 0.576923 0.43552 0.136095 0.0746606
0 0.133136 0.734163 0.12426 0.0837104
0 0.618343 0.727376 0.100592 0.0882353
0 0.0414201 0.531674 0.0828402 0.0950226
0 0.948225 0.569005 0.10355 0.0972851
