0 0.210449 0.152832 0.0439453 0.0380859
0 0.638184 0.0654297 0.0400391 0.0351562
0 0.984375 0.811035 0.03125 0.0517578
0 0.012207 0.654785 0.0244141 0.0595703
0 0.299316 0.105469 0.0498047 0.0390625
0 0.0795898 0.0117188 0.0595703 0.0234375
0 0.14502 0.637695 0.0458984 0.0390625
0 0.976562 0.642578 0.046875 0.0488281
0 0.805176 0.326172 0.0419922 0.0332031
0 0.293945 0.296875 0.0527344 0.0449219
0 0.355957 0.843262 0.0400391 0.0302734
0 0.310059 0.771973 0.0595703 0.0576172
0 0.568848 0.666992 0.0537109 0.0488281
0 0.868652 0.849121 0.0654297 0.0576172
0 0.230469 0.219238 0.0527344 0.0517578
0 0.129883 0.331543 0.0625 0.0537109
0 0.0688477 0.101562 0.0634766 0.0507812
0 0.154297 0.188477 0.0566406 0.0585938
0 0.891602 0.324707 0.0644531 0.0654297
0 0.279297 0.869629 0.0527344 0.0517578
0 0.527832 0.191406 0.0947266 0.0800781
0 0.615234 0.244141 0.0566406 0.0488281
0 0.834473 0.148926 0.0791016 0.0849609
0 0.937988 0.236328 0.0693359 0.0546875
0 0.962891 0.0639648 0.0488281 0.0498047
0 0.371582 0.0478516 0.0751953 0.0722656
0 0.246582 0.654785 0.0595703 0.0478516
0 0.440918 0.443359 0.0498047 0.0429688
0 0.630859 0.430176 0.0585938 0.0537109
0 0.722656 0.292969 0.0664062 0.0742188
0 0.794922 0.496094 0.0683594 0.078125
0 0.104004 0.535645 0.102539 0.0830078
0 0.638184 0.552734 0.0615234 0.0527344
0 0.401367 0.268555 0.0527344 0.0507812
0 0.376465 0.642578 0.124023 0.0703125
0 0.555176 0.37793 0.0556641 0.0566406
0 0.211914 0.461426 0.0839844 0.102539
0 0.138184 0.853027 0.0615234 0.0673828
0 0.75293 0.922363 0.150391 0.135742
0 0.712891 0.0698242 0.078125 0.0908203
0 0.362793 0.36084 0.104492 0.0732422
0 0.520996 0.617676 0.0693359 0.0791016
0 0.823242 0.0195312 0.0625 0.0371094
0 0.0258789 0.288086 0.0517578 0.0820312
0 0.877441 0.562988 0.102539 0.0888672
0 0.957031 0.931152 0.0527344 0.0458984
0 0.394043 0.96582 0.114258 0.0683594
