0 0.341797 0.125977 0.203125 0.162109 
0 0.759277 0.104980 0.102539 0.088867 
0 0.869141 0.299316 0.117188 0.116211 
0 0.952148 0.018066 0.095703 0.036133 
0 0.091309 0.069336 0.182617 0.138672 
0 0.445801 0.433105 0.053711 0.053711 
0 0.814453 0.492676 0.123047 0.151367 
0 0.977051 0.523438 0.045898 0.115234 
0 0.817383 0.695801 0.087891 0.079102 
0 0.920898 0.753418 0.119141 0.127930 
0 0.965820 0.967773 0.068359 0.064453 
0 0.279785 0.893066 0.059570 0.055664 
0 0.554199 0.266113 0.069336 0.047852 
