0 0.734863 0.173828 0.108398 0.123047 
0 0.986816 0.081543 0.026367 0.133789 
0 0.963867 0.360352 0.072266 0.091797 
0 0.803223 0.306152 0.079102 0.073242 
0 0.815918 0.474121 0.094727 0.149414 
0 0.969727 0.733398 0.060547 0.080078 
0 0.873535 0.806641 0.147461 0.074219 
0 0.721680 0.767578 0.083984 0.078125 
0 0.738281 0.920898 0.082031 0.074219 
0 0.872070 0.947266 0.070312 0.066406 
0 0.469238 0.966309 0.067383 0.065430 
0 0.253418 0.980957 0.102539 0.038086 
0 0.047852 0.966309 0.095703 0.067383 
0 0.052246 0.798340 0.090820 0.083008 
0 0.073730 0.680664 0.059570 0.062500 
0 0.324707 0.807617 0.043945 0.056641 
0 0.496094 0.777832 0.080078 0.084961 
0 0.485352 0.623535 0.105469 0.096680 
0 0.658691 0.624512 0.079102 0.071289 
0 0.619629 0.494141 0.083008 0.078125 
0 0.575684 0.337402 0.079102 0.069336 
0 0.643555 0.302246 0.048828 0.045898 
0 0.538086 0.423340 0.058594 0.047852 
0 0.420410 0.368164 0.094727 0.085938 
0 0.350586 0.421387 0.095703 0.073242 
0 0.058594 0.505371 0.099609 0.086914 
0 0.144043 0.600586 0.084961 0.076172 
0 0.093262 0.289062 0.061523 0.064453 
0 0.370605 0.210449 0.114258 0.094727 
0 0.346680 0.107910 0.076172 0.067383 
0 0.460449 0.020996 0.137695 0.041992 
0 0.546875 0.097168 0.042969 0.043945 
0 0.168457 0.011719 0.053711 0.023438 
0 0.021973 0.036133 0.043945 0.072266 
0 0.024902 0.200684 0.049805 0.045898 
0 0.278320 0.617676 0.083984 0.063477 
0 0.323730 0.868652 0.071289 0.038086 
0 0.181152 0.194336 0.053711 0.046875 
0 0.102051 0.430664 0.040039 0.033203 
0 0.351074 0.776855 0.053711 0.036133 
