0 0.178719 0.079855 0.047521 0.032668 
0 0.236570 0.162432 0.039256 0.045372 
0 0.107438 0.190563 0.041322 0.036298 
0 0.167355 0.317604 0.041322 0.029038 
0 0.079545 0.553539 0.039256 0.058076 
0 0.114669 0.739564 0.059917 0.030853 
0 0.227273 0.851180 0.152893 0.043557 
0 0.194215 0.969147 0.107438 0.054446 
0 0.223140 0.848457 0.157025 0.038113 
0 0.377066 0.866606 0.055785 0.023593 
0 0.394628 0.786751 0.057851 0.019964 
0 0.284091 0.657895 0.035124 0.034483 
0 0.397727 0.581670 0.080579 0.052632 
0 0.289256 0.479129 0.165289 0.065336 
0 0.327479 0.355717 0.059917 0.043557 
0 0.288223 0.245917 0.059917 0.038113 
0 0.709711 0.175136 0.051653 0.023593 
0 0.601240 0.180581 0.053719 0.027223 
0 0.536157 0.404719 0.084711 0.076225 
0 0.636364 0.127042 0.057851 0.032668 
0 0.725207 0.027223 0.061983 0.047187 
0 0.553719 0.111615 0.037190 0.041742 
0 0.538223 0.081670 0.039256 0.032668 
0 0.745868 0.314882 0.033058 0.019964 
0 0.654959 0.519964 0.037190 0.041742 
0 0.620868 0.523593 0.039256 0.041742 
0 0.726240 0.549002 0.064050 0.034483 
0 0.615702 0.948276 0.074380 0.056261 
0 0.705579 0.943739 0.047521 0.032668 
0 0.591942 0.868421 0.055785 0.023593 
0 0.546488 0.864791 0.047521 0.023593 
0 0.647727 0.519056 0.084711 0.039927 
0 0.522727 0.272232 0.037190 0.039927 
0 0.584711 0.126134 0.107438 0.125227 
