0 0.056641 0.047852 0.107422 0.089844 
0 0.192871 0.057617 0.159180 0.101562 
0 0.368164 0.272949 0.070312 0.047852 
0 0.062988 0.436523 0.110352 0.152344 
0 0.208496 0.577148 0.051758 0.050781 
0 0.019531 0.716797 0.031250 0.060547 
0 0.126465 0.853027 0.239258 0.120117 
0 0.146484 0.951660 0.277344 0.077148 
0 0.457520 0.749023 0.071289 0.054688 
0 0.442383 0.807617 0.074219 0.031250 
0 0.448730 0.851074 0.069336 0.032227 
0 0.392578 0.273438 0.037109 0.037109 
0 0.595215 0.179688 0.153320 0.134766 
0 0.695312 0.522949 0.023438 0.024414 
0 0.753906 0.802734 0.117188 0.175781 
0 0.868164 0.740234 0.164062 0.181641 
0 0.753418 0.970703 0.125977 0.048828 
0 0.978027 0.318848 0.041992 0.122070 
0 0.822754 0.387207 0.043945 0.038086 
0 0.394531 0.275391 0.041016 0.041016 
