0 0.210468 0.240404 0.082405 0.056566 
0 0.171492 0.305051 0.057906 0.072727 
0 0.285078 0.446465 0.044543 0.032323 
0 0.354120 0.438384 0.093541 0.060606 
0 0.158129 0.550505 0.040089 0.038384 
0 0.249443 0.560606 0.102450 0.054545 
0 0.288419 0.681818 0.051225 0.030303 
0 0.271715 0.718182 0.057906 0.042424 
0 0.241648 0.763636 0.051225 0.044444 
0 0.381960 0.826263 0.082405 0.052525 
0 0.497773 0.783838 0.060134 0.044444 
0 0.423163 0.558586 0.111359 0.070707 
0 0.353007 0.436364 0.091314 0.060606 
0 0.515590 0.323232 0.069042 0.032323 
0 0.354120 0.190909 0.102450 0.046465 
0 0.436526 0.193939 0.035635 0.044444 
0 0.511136 0.084848 0.109131 0.064646 
0 0.730512 0.101010 0.071269 0.032323 
0 0.658129 0.246465 0.095768 0.024242 
0 0.736080 0.295960 0.082405 0.058586 
0 0.615813 0.481818 0.060134 0.042424 
0 0.602450 0.552525 0.046771 0.062626 
0 0.759465 0.568687 0.053452 0.046465 
0 0.716036 0.742424 0.109131 0.034343 
0 0.600223 0.952525 0.069042 0.030303 
0 0.654788 0.920202 0.035635 0.050505 
0 0.810690 0.975758 0.111359 0.040404 
0 0.928731 0.161616 0.035635 0.028283 
0 0.845212 0.104040 0.042316 0.054545 
0 0.711581 0.066667 0.064588 0.036364 
0 0.652561 0.280808 0.026726 0.052525 
0 0.827394 0.034343 0.060134 0.028283 
0 0.737194 0.101010 0.057906 0.028283 
0 0.968820 0.107071 0.031180 0.028283 
