0 0.012695 0.160156 0.023438 0.029297 
0 0.018066 0.176758 0.036133 0.019531 
0 0.023438 0.308594 0.041016 0.021484 
0 0.148438 0.459473 0.208984 0.059570 
0 0.106445 0.524414 0.138672 0.044922 
0 0.019531 0.533691 0.029297 0.036133 
0 0.287598 0.353027 0.053711 0.047852 
0 0.379395 0.424805 0.057617 0.025391 
0 0.306641 0.197754 0.025391 0.020508 
0 0.337891 0.200684 0.033203 0.043945 
0 0.884766 0.073730 0.052734 0.053711 
0 0.927734 0.263184 0.052734 0.051758 
0 0.964844 0.202637 0.048828 0.049805 
0 0.832031 0.473145 0.029297 0.032227 
0 0.818848 0.505859 0.036133 0.041016 
0 0.831055 0.548828 0.050781 0.027344 
0 0.792480 0.735840 0.043945 0.030273 
0 0.912109 0.703125 0.052734 0.058594 
0 0.925781 0.747559 0.033203 0.022461 
0 0.961426 0.558594 0.045898 0.046875 
0 0.837402 0.978027 0.032227 0.032227 
