0 0.033936 0.225342 0.018066 0.022949 
0 0.009521 0.291992 0.019043 0.022461 
0 0.011475 0.341064 0.020996 0.026855 
0 0.028564 0.514160 0.015137 0.011719 
0 0.040039 0.674805 0.014648 0.011719 
0 0.030518 0.704102 0.015137 0.012695 
0 0.083252 0.829346 0.011230 0.013184 
0 0.101807 0.819336 0.020996 0.010742 
0 0.193604 0.877930 0.015137 0.009766 
0 0.142578 0.675293 0.017578 0.014648 
0 0.250732 0.644531 0.014160 0.019531 
0 0.190430 0.300293 0.011719 0.028320 
0 0.277344 0.354248 0.015625 0.032715 
0 0.189941 0.191895 0.028320 0.033203 
0 0.466553 0.253174 0.025879 0.023926 
0 0.514160 0.512207 0.009766 0.017578 
0 0.823242 0.866211 0.011719 0.025391 
0 0.861328 0.725586 0.015625 0.017578 
0 0.875000 0.473389 0.019531 0.024902 
0 0.683350 0.355469 0.024902 0.027344 
0 0.823975 0.349609 0.014160 0.021484 
