0 0.156982 0.591553 0.022949 0.021973 
0 0.158447 0.458984 0.031738 0.021484 
0 0.293945 0.425781 0.020508 0.015625 
0 0.297852 0.404785 0.025391 0.026367 
0 0.154297 0.590820 0.019531 0.016602 
0 0.028564 0.658203 0.046387 0.039062 
0 0.253418 0.814697 0.017578 0.022949 
0 0.300049 0.404541 0.029785 0.038574 
0 0.331543 0.432373 0.025391 0.035645 
0 0.292725 0.432129 0.022949 0.025391 
0 0.347412 0.438965 0.027832 0.029297 
0 0.334717 0.538086 0.019043 0.017578 
0 0.306641 0.572266 0.015625 0.016602 
0 0.752930 0.767090 0.019531 0.022461 
0 0.825195 0.699219 0.019531 0.030273 
0 0.832275 0.639893 0.084473 0.039551 
0 0.832275 0.587891 0.089355 0.057617 
0 0.712158 0.542236 0.041504 0.017090 
0 0.847900 0.535400 0.048340 0.052246 
0 0.871338 0.493408 0.080566 0.035645 
0 0.881348 0.529053 0.014648 0.025879 
0 0.901855 0.520508 0.019531 0.018555 
0 0.897217 0.470215 0.029785 0.060547 
0 0.759277 0.292725 0.024414 0.020996 
0 0.653809 0.138916 0.023438 0.019043 
0 0.838623 0.021973 0.020996 0.020508 
0 0.708740 0.543701 0.041504 0.019043 
