0 0.368343 0.495475 0.227811 0.135747 
0 0.539941 0.733032 0.156805 0.113122 
0 0.690828 0.912896 0.073964 0.047511 
0 0.621302 0.964932 0.088757 0.056561 
0 0.971893 0.967195 0.026627 0.038462 
0 0.976331 0.697964 0.041420 0.079186 
0 0.909763 0.592760 0.044379 0.049774 
0 0.857988 0.539593 0.071006 0.056561 
0 0.792899 0.460407 0.136095 0.065611 
0 0.856509 0.180995 0.068047 0.049774 
0 0.958580 0.176471 0.076923 0.045249 
0 0.974852 0.139140 0.050296 0.033937 
0 0.856509 0.029412 0.109467 0.058824 
0 0.532544 0.266968 0.035503 0.040724 
0 0.627219 0.246606 0.035503 0.049774 
0 0.828402 0.380090 0.035503 0.022624 
0 0.738166 0.116516 0.038462 0.033937 
0 0.485207 0.605204 0.035503 0.033937 
0 0.434911 0.585973 0.053254 0.027149 
0 0.510355 0.537330 0.032544 0.038462 
