0 0.173077 0.352941 0.050296 0.040724 
0 0.198225 0.183258 0.059172 0.027149 
0 0.159763 0.143665 0.071006 0.033937 
0 0.316568 0.634615 0.112426 0.083710 
0 0.170118 0.740950 0.079882 0.088235 
0 0.412722 0.703620 0.062130 0.054299 
0 0.366864 0.868778 0.094675 0.063348 
0 0.628698 0.714932 0.115385 0.104072 
0 0.593195 0.438914 0.150888 0.076923 
0 0.733728 0.240950 0.100592 0.042986 
0 0.825444 0.300905 0.082840 0.049774 
0 0.750000 0.280543 0.091716 0.036199 
0 0.826923 0.053167 0.079882 0.079186 
0 0.931953 0.099548 0.035503 0.045249 
0 0.918639 0.176471 0.050296 0.058824 
0 0.920118 0.570136 0.047337 0.063348 
0 0.840237 0.598416 0.041420 0.038462 
0 0.816568 0.830317 0.071006 0.049774 
0 0.591716 0.949095 0.065089 0.056561 
0 0.514793 0.972851 0.076923 0.049774 
0 0.183432 0.346154 0.076923 0.040724 
0 0.387574 0.395928 0.071006 0.045249 
