0 0.426270 0.522217 0.219727 0.203613 
0 0.336914 0.008057 0.061523 0.016113 
0 0.201416 0.030029 0.092285 0.054199 
0 0.035889 0.169922 0.071777 0.161133 
0 0.150146 0.156006 0.104004 0.071777 
0 0.108398 0.216064 0.049805 0.045410 
0 0.061523 0.015381 0.061523 0.030762 
0 0.240234 0.138428 0.067383 0.033691 
0 0.324463 0.078369 0.051270 0.039551 
0 0.388916 0.054932 0.065918 0.045410 
0 0.361084 0.120117 0.057129 0.038086 
0 0.373535 0.172852 0.055664 0.032227 
0 0.449707 0.160400 0.076172 0.065918 
0 0.514893 0.008789 0.101074 0.017578 
0 0.496582 0.084961 0.061523 0.049805 
0 0.563232 0.062988 0.060059 0.041016 
0 0.538330 0.156006 0.062988 0.071777 
0 0.670166 0.056396 0.057129 0.039551 
0 0.726562 0.043945 0.041016 0.026367 
0 0.680420 0.007324 0.060059 0.014648 
0 0.875977 0.013916 0.055664 0.027832 
0 0.955811 0.034424 0.054199 0.048340 
0 0.881104 0.077637 0.060059 0.064453 
0 0.817383 0.103271 0.043945 0.083496 
0 0.637207 0.129639 0.079102 0.086426 
0 0.733154 0.113525 0.057129 0.054199 
0 0.950684 0.140625 0.046875 0.041016 
0 0.955566 0.224121 0.088867 0.076172 
0 0.856201 0.170654 0.024902 0.027832 
0 0.878906 0.220459 0.055664 0.039551 
0 0.739014 0.185303 0.068848 0.042480 
0 0.799072 0.262939 0.071777 0.098145 
0 0.867920 0.281250 0.060059 0.035156 
0 0.900146 0.329590 0.077637 0.041016 
0 0.990723 0.316406 0.018555 0.064453 
0 0.933838 0.424072 0.060059 0.042480 
0 0.978271 0.458496 0.043457 0.052734 
0 0.971680 0.511963 0.056641 0.042480 
0 0.975342 0.594727 0.049316 0.076172 
0 0.936035 0.753662 0.046875 0.030762 
0 0.952881 0.804932 0.042480 0.033691 
0 0.975342 0.874512 0.049316 0.041016 
0 0.886963 0.829102 0.048340 0.046875 
0 0.820312 0.815186 0.058594 0.039551 
0 0.736816 0.797607 0.052734 0.039551 
0 0.892090 0.912598 0.082031 0.070312 
0 0.851074 0.981934 0.055664 0.036133 
0 0.781494 0.887695 0.048340 0.043945 
0 0.747803 0.846680 0.030762 0.032227 
0 0.651123 0.856934 0.101074 0.093750 
0 0.654785 0.944824 0.052734 0.041016 
0 0.697998 0.989990 0.083496 0.020020 
0 0.507568 0.889893 0.060059 0.039551 
0 0.514893 0.807129 0.045410 0.041016 
0 0.634277 0.684082 0.096680 0.117188 
0 0.684082 0.569092 0.061523 0.051270 
0 0.791016 0.586670 0.041016 0.024902 
0 0.804199 0.625488 0.043945 0.041016 
0 0.854004 0.603516 0.052734 0.026367 
0 0.886963 0.659912 0.048340 0.045410 
0 0.759521 0.427002 0.133301 0.098145 
0 0.695068 0.340576 0.051270 0.030762 
0 0.651855 0.268066 0.070312 0.082031 
0 0.594727 0.338379 0.076172 0.070312 
0 0.599854 0.450439 0.048340 0.030762 
0 0.496582 0.325195 0.041016 0.029297 
0 0.457031 0.231445 0.026367 0.029297 
0 0.540527 0.232910 0.052734 0.026367 
0 0.493652 0.275391 0.058594 0.038086 
0 0.369873 0.286377 0.104004 0.104004 
0 0.283447 0.320068 0.039551 0.036621 
0 0.294434 0.383057 0.038086 0.030762 
0 0.208740 0.385986 0.057129 0.039551 
0 0.137695 0.302490 0.082031 0.033691 
0 0.077637 0.350830 0.049805 0.033691 
0 0.117188 0.389648 0.043945 0.029297 
0 0.158936 0.427002 0.045410 0.033691 
0 0.091553 0.487061 0.051270 0.039551 
0 0.037354 0.531738 0.071777 0.093750 
0 0.009521 0.326660 0.019043 0.070312 
0 0.158936 0.602783 0.106934 0.095215 
0 0.052734 0.656250 0.061523 0.038086 
0 0.009521 0.611572 0.019043 0.030762 
0 0.083496 0.701660 0.052734 0.032227 
0 0.161865 0.727295 0.065918 0.051270 
0 0.238037 0.708984 0.051270 0.035156 
0 0.299561 0.725830 0.036621 0.027832 
0 0.350830 0.738281 0.027832 0.026367 
0 0.393311 0.765381 0.036621 0.036621 
0 0.343506 0.812256 0.030762 0.036621 
0 0.373535 0.854736 0.029297 0.027832 
0 0.302490 0.778564 0.042480 0.027832 
0 0.284180 0.845215 0.055664 0.046875 
0 0.312744 0.893555 0.045410 0.029297 
0 0.316406 0.956543 0.055664 0.029297 
0 0.167725 0.968994 0.039551 0.030762 
0 0.211670 0.991699 0.060059 0.014648 
0 0.442383 0.989258 0.043945 0.021484 
0 0.174316 0.870850 0.099609 0.051270 
0 0.154541 0.918457 0.045410 0.035156 
0 0.134766 0.817383 0.043945 0.032227 
0 0.054199 0.911865 0.058594 0.048340 
0 0.015381 0.949951 0.027832 0.060059 
0 0.631348 0.195557 0.041016 0.030762 
0 0.917725 0.572754 0.027832 0.046875 
0 0.202148 0.773438 0.043945 0.029297 
0 0.095215 0.832031 0.029297 0.026367 
0 0.075439 0.779297 0.065918 0.049805 
0 0.367676 0.900146 0.029297 0.024902 
0 0.015381 0.381592 0.030762 0.024902 
0 0.059326 0.407959 0.039551 0.024902 
0 0.098145 0.916992 0.020508 0.029297 
0 0.095215 0.981445 0.032227 0.029297 
