0 0.752930 0.282715 0.136719 0.151367 
0 0.916992 0.617188 0.142578 0.160156 
0 0.960449 0.406250 0.079102 0.074219 
0 0.957031 0.025879 0.085938 0.051758 
0 0.814453 0.024414 0.062500 0.048828 
0 0.644043 0.071289 0.069336 0.066406 
0 0.668457 0.145996 0.051758 0.043945 
0 0.552246 0.184570 0.053711 0.048828 
0 0.309570 0.105469 0.103516 0.093750 
0 0.385254 0.062012 0.088867 0.063477 
0 0.385254 0.182617 0.038086 0.044922 
0 0.222656 0.026367 0.064453 0.052734 
0 0.154297 0.136230 0.091797 0.073242 
0 0.047363 0.073730 0.077148 0.067383 
0 0.183594 0.348633 0.097656 0.091797 
0 0.280762 0.437988 0.079102 0.055664 
0 0.381348 0.308594 0.081055 0.056641 
0 0.592285 0.253906 0.055664 0.060547 
0 0.636230 0.541016 0.049805 0.058594 
0 0.624512 0.650391 0.055664 0.054688 
0 0.635742 0.718262 0.062500 0.047852 
0 0.744629 0.743652 0.069336 0.051758 
0 0.963867 0.834473 0.072266 0.055664 
0 0.939941 0.973633 0.067383 0.052734 
0 0.703613 0.950684 0.041992 0.045898 
0 0.754395 0.968750 0.055664 0.056641 
0 0.575195 0.887207 0.068359 0.063477 
0 0.498535 0.812988 0.079102 0.053711 
0 0.472168 0.712891 0.094727 0.052734 
0 0.291016 0.542969 0.072266 0.064453 
0 0.346680 0.649414 0.111328 0.140625 
0 0.493164 0.459961 0.148438 0.171875 
0 0.615723 0.330566 0.043945 0.040039 
0 0.126953 0.626465 0.125000 0.120117 
0 0.101074 0.420898 0.051758 0.041016 
0 0.056152 0.876953 0.112305 0.097656 
0 0.278809 0.807617 0.041992 0.054688 
0 0.314453 0.940918 0.146484 0.063477 
0 0.013672 0.229492 0.027344 0.048828 
0 0.354004 0.854492 0.059570 0.058594 
0 0.339355 0.213379 0.061523 0.043945 
