0 0.032946 0.053435 0.065891 0.067176 
0 0.222868 0.046565 0.139535 0.093130 
0 0.125000 0.054962 0.060078 0.039695 
0 0.722868 0.122137 0.116279 0.076336 
0 0.894380 0.164885 0.091085 0.067176 
0 0.791667 0.220611 0.094961 0.068702 
0 0.853682 0.283969 0.091085 0.079389 
0 0.957364 0.281679 0.085271 0.065649 
0 0.351744 0.183969 0.133721 0.080916 
0 0.160853 0.191603 0.096899 0.068702 
0 0.059109 0.244275 0.118217 0.085496 
0 0.383721 0.291603 0.096899 0.064122 
0 0.478682 0.288550 0.077519 0.070229 
0 0.530039 0.229008 0.067829 0.070229 
0 0.016473 0.403817 0.032946 0.099237 
0 0.040698 0.535115 0.081395 0.068702 
0 0.352713 0.629771 0.089147 0.077863 
0 0.407946 0.733588 0.044574 0.050382 
0 0.249031 0.763359 0.087209 0.073282 
0 0.183140 0.776336 0.052326 0.044275 
0 0.508721 0.926718 0.060078 0.051908 
0 0.579457 0.964885 0.077519 0.058015 
0 0.781977 0.927481 0.067829 0.077863 
0 0.877907 0.932061 0.131783 0.080916 
0 0.971899 0.796183 0.056202 0.065649 
0 0.486434 0.620611 0.058140 0.053435 
0 0.572674 0.625954 0.079457 0.067176 
0 0.765504 0.591603 0.100775 0.071756 
0 0.841085 0.690076 0.093023 0.082443 
0 0.937984 0.622901 0.081395 0.073282 
0 0.825581 0.458779 0.077519 0.068702 
0 0.881783 0.529771 0.069767 0.064122 
0 0.681202 0.987023 0.075581 0.025954 
