0 0.261719 0.675781 0.101562 0.132812
0 0.828125 0.453125 0.09375 0.109375
0 0.398438 0.867188 0.125 0.140625
0 0.0820312 0.105469 0.101562 0.0859375
0 0.0625 0.277344 0.109375 0.132812
0 0.265625 0.265625 0.140625 0.140625
0 0.617188 0.460938 0.109375 0.125
0 0.488281 0.253906 0.117188 0.117188
0 0.15625 0.484375 0.125 0.140625
0 0.59375 0.0585938 0.09375 0.0859375
0 0.5 0.667969 0.125 0.117188
0 0.941406 0.269531 0.0859375 0.132812
0 0.917969 0.652344 0.164062 0.117188
0 0.71875 0.246094 0.171875 0.132812
0 0.851562 0.839844 0.125 0.117188
0 0.851562 0.0664062 0.125 0.132812
0 0.363281 0.464844 0.117188 0.117188
0 0.613281 0.835938 0.101562 0.109375
