0 0.421429 0.571809 0.0571429 0.0691489
0 0.170238 0.638298 0.0833333 0.12234
0 0.052381 0.353723 0.0571429 0.0744681
0 0.259524 0.263298 0.0619048 0.0691489
0 0.164286 0.878989 0.0714286 0.087766
0 0.522619 0.795213 0.0452381 0.0638298
0 0.982143 0.711436 0.0357143 0.0771277
0 0.0178571 0.128989 0.0261905 0.0824468
0 0.45 0.796543 0.0571429 0.0824468
0 0.32619 0.264628 0.0619048 0.0771277
0 0.660714 0.867021 0.0642857 0.0744681
0 0.0190476 0.579787 0.0333333 0.0478723
0 0.684524 0.646277 0.0595238 0.0265957
0 0.813095 0.714096 0.05 0.0718085
0 0.022619 0.433511 0.0261905 0.0744681
0 0.242857 0.726064 0.0428571 0.0585106
0 0.647619 0.719415 0.0714286 0.0505319
0 0.282143 0.210106 0.0547619 0.0531915
0 0.0202381 0.283245 0.0214286 0.0771277
0 0.489286 0.727394 0.0595238 0.087766
0 0.445238 0.238032 0.0857143 0.109043
0 0.733333 0.865691 0.0571429 0.0664894
0 0.242857 0.113032 0.052381 0.0824468
0 0.770238 0.799202 0.05 0.0611702
0 0.175 0.422872 0.0595238 0.0691489
0 0.696429 0.792553 0.0547619 0.0851064
0 0.286905 0.349734 0.0547619 0.0611702
0 0.457143 0.0545213 0.0571429 0.0611702
0 0.132143 0.804521 0.0595238 0.0558511
0 0.294048 0.80984 0.0595238 0.0398936
0 0.769048 0.199468 0.0714286 0.0691489
0 0.694048 0.5 0.0547619 0.0478723
0 0.57381 0.868351 0.0666667 0.0824468
0 0.765476 0.494681 0.0452381 0.0425532
0 0.0869048 0.433511 0.0452381 0.0638298
0 0.378571 0.0518617 0.0666667 0.0824468
0 0.135714 0.349734 0.052381 0.0771277
0 0.204762 0.0571809 0.0428571 0.0611702
0 0.0857143 0.12633 0.0571429 0.0664894
0 0.52381 0.950798 0.0619048 0.0611702
0 0.779762 0.648936 0.0595238 0.0478723
0 0.0440476 0.652926 0.0690476 0.0664894
0 0.967857 0.422872 0.05 0.0425532
0 0.211905 0.348404 0.0571429 0.0797872
0 0.047619 0.954787 0.047619 0.0691489
0 0.696429 0.0425532 0.0595238 0.0851064
0 0.739286 0.569149 0.0595238 0.0957447
0 0.254762 0.880319 0.0619048 0.0744681
0 0.77381 0.0425532 0.052381 0.0797872
0 0.166667 0.125 0.0571429 0.0691489
0 0.0535714 0.50266 0.0738095 0.0797872
0 0.0869048 0.878989 0.0595238 0.0718085
0 0.896429 0.570479 0.0547619 0.0930851
0 0.286905 0.952128 0.0452381 0.0531915
0 0.858333 0.0531915 0.0642857 0.0744681
0 0.609524 0.948138 0.0571429 0.0718085
0 0.692857 0.949468 0.0571429 0.0744681
0 0.971429 0.570479 0.0571429 0.0771277
0 0.1 0.726064 0.0714286 0.0851064
0 0.0464286 0.196809 0.0547619 0.0638298
0 0.338095 0.418883 0.0428571 0.0664894
0 0.372619 0.348404 0.0547619 0.0904255
0 0.286905 0.663564 0.0595238 0.0718085
0 0.167857 0.728723 0.0642857 0.0744681
0 0.972619 0.264628 0.0547619 0.0664894
0 0.369048 0.797872 0.047619 0.0638298
0 0.57381 0.418883 0.0666667 0.0771277
0 0.814286 0.569149 0.052381 0.0904255
0 0.811905 0.12234 0.052381 0.0744681
0 0.209524 0.965426 0.0428571 0.0691489
0 0.857143 0.793883 0.052381 0.0771277
0 0.529762 0.648936 0.0452381 0.0744681
0 0.408333 0.865691 0.0642857 0.087766
0 0.0833333 0.280585 0.0571429 0.0611702
0 0.563095 0.730053 0.05 0.0505319
0 0.0238095 0.731383 0.0333333 0.0904255
0 0.17619 0.279255 0.0571429 0.0265957
0 0.736905 0.264628 0.0642857 0.0718085
0 0.655952 0.574468 0.0452381 0.0425532
0 0.136905 0.953457 0.0452381 0.0398936
0 0.488095 0.420213 0.0571429 0.0638298
0 0.0880952 0.589096 0.0666667 0.0505319
0 0.215476 0.795213 0.0642857 0.0904255
0 0.483333 0.573138 0.052381 0.0558511
0 0.853571 0.348404 0.0357143 0.0585106
0 0.204762 0.200798 0.052381 0.0664894
0 0.939286 0.791223 0.0547619 0.0611702
0 0.809524 0.865691 0.0571429 0.0664894
0 0.611905 0.043883 0.0619048 0.0664894
0 0.894048 0.714096 0.05 0.0664894
0 0.569048 0.570479 0.0666667 0.0771277
0 0.570238 0.267287 0.0452381 0.0771277
0 0.495238 0.12633 0.052381 0.0984043
0 0.894048 0.264628 0.0595238 0.0664894
0 0.444048 0.348404 0.0547619 0.0744681
0 0.134524 0.196809 0.0595238 0.0797872
0 0.938095 0.0412234 0.0619048 0.0771277
0 0.135714 0.503989 0.0571429 0.0771277
0 0.532143 0.49734 0.05 0.0638298
0 0.811905 0.264628 0.0571429 0.0984043
0 0.65 0.421543 0.0571429 0.0505319
0 0.936905 0.490691 0.0547619 0.0664894
0 0.855952 0.49734 0.0357143 0.0319149
0 0.363095 0.196809 0.0547619 0.0638298
0 0.367857 0.503989 0.0595238 0.0505319
0 0.291667 0.0571809 0.0642857 0.0452128
0 0.532143 0.195479 0.0547619 0.0718085
0 0.892857 0.119681 0.0619048 0.0691489
0 0.25119 0.582447 0.05 0.0425532
0 0.902381 0.868351 0.047619 0.0452128
0 0.736905 0.418883 0.0595238 0.0984043
0 0.766667 0.344415 0.0809524 0.0771277
0 0.933333 0.336436 0.0571429 0.0824468
0 0.695238 0.195479 0.0619048 0.0824468
0 0.608333 0.50133 0.0547619 0.0664894
0 0.44881 0.656915 0.0642857 0.0744681
0 0.654762 0.12367 0.052381 0.0558511
0 0.858333 0.643617 0.0547619 0.0691489
0 0.363095 0.949468 0.0642857 0.0904255
0 0.813095 0.418883 0.0595238 0.0930851
0 0.410714 0.420213 0.0547619 0.0744681
0 0.529762 0.0585106 0.0642857 0.0585106
0 0.732143 0.118351 0.0595238 0.0558511
0 0.379762 0.652926 0.05 0.0558511
0 0.282143 0.506649 0.0595238 0.0505319
0 0.853571 0.196809 0.0595238 0.0691489
0 0.409524 0.727394 0.0666667 0.0718085
0 0.610714 0.196809 0.0595238 0.0638298
0 0.647619 0.316489 0.1 0.12234
0 0.889286 0.417553 0.0642857 0.0797872
0 0.485714 0.867021 0.0619048 0.0797872
0 0.609524 0.795213 0.052381 0.0797872
0 0.570238 0.125 0.0642857 0.0904255
0 0.532143 0.347074 0.0404762 0.0558511
0 0.319048 0.12234 0.0714286 0.0797872
0 0.611905 0.643617 0.0571429 0.0744681
0 0.936905 0.194149 0.0642857 0.0691489
0 0.338095 0.571809 0.0761905 0.0957447
0 0.405952 0.12633 0.0595238 0.0558511
0 0.209524 0.503989 0.0619048 0.0824468
0 0.935714 0.643617 0.0571429 0.0851064
0 0.444048 0.950798 0.0642857 0.0930851
