0 0.166667 0.61349 0.0494624 0.0449679
0 0.0505376 0.400428 0.0623656 0.0770878
0 0.707527 0.921842 0.0430108 0.0492505
0 0.712903 0.860814 0.0580645 0.0428266
0 0.055914 0.588865 0.0516129 0.0385439
0 0.664516 0.634904 0.0344086 0.0406852
0 0.055914 0.0289079 0.0387097 0.0449679
0 0.158065 0.915418 0.0494624 0.0364026
0 0.109677 0.447537 0.0430108 0.0471092
0 0.662366 0.75803 0.0516129 0.0256959
0 0.707527 0.978587 0.0516129 0.0428266
0 0.610753 0.713062 0.0387097 0.0556745
0 0.495699 0.553533 0.0408602 0.0321199
0 0.154839 0.975375 0.055914 0.0492505
0 0.978495 0.952891 0.0387097 0.0599572
0 0.0505376 0.214133 0.0451613 0.0471092
0 0.162366 0.297645 0.0451613 0.0599572
0 0.856989 0.733405 0.0967742 0.0835118
0 0.765591 0.90364 0.0430108 0.0513919
0 0.877419 0.916488 0.0387097 0.0342612
0 0.374194 0.29015 0.0473118 0.0620985
0 0.327957 0.179872 0.0494624 0.0599572
0 0.260215 0.260171 0.0903226 0.0835118
0 0.496774 0.626338 0.0430108 0.0321199
0 0.436559 0.582441 0.0430108 0.0342612
0 0.0451613 0.890792 0.0473118 0.0385439
0 0.770968 0.83833 0.0494624 0.0535332
0 0.882796 0.614561 0.0580645 0.0556745
0 0.106452 0.189507 0.0451613 0.0406852
