0 0.274492 0.761407 0.0831793 0.0627376
0 0.109982 0.270913 0.0720887 0.0741445
0 0.112754 0.6673 0.0739372 0.0646388
0 0.219963 0.669201 0.0850277 0.0570342
0 0.658965 0.475285 0.0757856 0.0722433
0 0.545287 0.476236 0.0702403 0.0703422
0 0.435305 0.668251 0.0757856 0.0665399
0 0.0462107 0.0380228 0.0924214 0.0304183
0 0.823475 0.373574 0.0794824 0.0779468
0 0.760628 0.473384 0.0831793 0.0798479
0 0.711645 0.371673 0.0739372 0.0741445
0 0.386322 0.56654 0.077634 0.0760456
0 0.0221811 0.670152 0.0332717 0.0513308
0 0.268946 0.572243 0.0942699 0.0532319
0 0.170055 0.179658 0.0850277 0.0969582
0 0.385397 0.761407 0.0720887 0.0741445
0 0.495379 0.567491 0.0813309 0.0817491
0 0.494455 0.180608 0.0831793 0.0912548
0 0.051756 0.186312 0.0850277 0.0760456
0 0.0194085 0.864068 0.0351201 0.0589354
0 0.872458 0.476236 0.0887246 0.0665399
0 0.107209 0.477186 0.0739372 0.0684411
0 0.270795 0.378327 0.0831793 0.0722433
0 0.330869 0.862167 0.0665434 0.0817491
0 0.385397 0.374525 0.0720887 0.0684411
0 0.436229 0.0893536 0.0850277 0.0646388
0 0.606285 0.181559 0.0813309 0.0855513
0 0.707024 0.188213 0.0720887 0.0836502
0 0.539741 0.0836502 0.0850277 0.0646388
0 0.608133 0.56654 0.0813309 0.0874525
0 0.383549 0.180608 0.0831793 0.0874525
0 0.657116 0.088403 0.0757856 0.0665399
0 0.545287 0.282319 0.0813309 0.0589354
0 0.871534 0.281369 0.0757856 0.0570342
0 0.596118 0.367871 0.064695 0.0665399
0 0.0573013 0.375475 0.0739372 0.0893536
0 0.932532 0.180608 0.0831793 0.0798479
0 0.0231054 0.28327 0.0425139 0.0456274
0 0.165434 0.576046 0.090573 0.0608365
0 0.219963 0.477186 0.077634 0.0760456
0 0.823475 0.56654 0.0831793 0.0912548
0 0.280037 0.960076 0.0720887 0.0798479
0 0.273567 0.181559 0.0739372 0.0741445
0 0.0249538 0.477186 0.038817 0.0570342
0 0.934381 0.376426 0.0720887 0.0760456
0 0.814233 0.957224 0.090573 0.0589354
0 0.971349 0.477186 0.0573013 0.0722433
0 0.436229 0.862167 0.077634 0.0665399
0 0.109982 0.0893536 0.0868762 0.0608365
0 0.711645 0.565589 0.0813309 0.0817491
0 0.933457 0.959125 0.0924214 0.0665399
0 0.761553 0.0893536 0.0887246 0.0646388
0 0.935305 0.568441 0.077634 0.0760456
0 0.385397 0.961027 0.0757856 0.0703422
0 0.216266 0.0846008 0.0924214 0.0741445
0 0.760628 0.86597 0.0831793 0.0741445
0 0.869686 0.0855513 0.0868762 0.0760456
0 0.87061 0.6673 0.0850277 0.0684411
0 0.0591497 0.567491 0.077634 0.0931559
0 0.708872 0.762357 0.0683919 0.0798479
0 0.327172 0.0874525 0.0887246 0.0722433
0 0.815157 0.178707 0.0739372 0.0798479
0 0.868762 0.864068 0.0739372 0.0855513
0 0.549908 0.675856 0.0757856 0.0513308
0 0.970425 0.282319 0.0591497 0.0627376
0 0.491682 0.373574 0.077634 0.0741445
0 0.599815 0.956274 0.0573013 0.0836502
0 0.965804 0.0836502 0.064695 0.0836502
0 0.324399 0.472433 0.0683919 0.0665399
0 0.597967 0.769011 0.0831793 0.0551331
0 0.554529 0.865019 0.0702403 0.0836502
0 0.65342 0.28327 0.0942699 0.0684411
0 0.490758 0.959125 0.090573 0.0665399
0 0.821627 0.765209 0.0794824 0.0779468
0 0.970425 0.6673 0.0591497 0.0874525
0 0.714418 0.957224 0.0757856 0.0855513
0 0.932532 0.768061 0.0868762 0.0646388
0 0.658965 0.861217 0.0757856 0.0836502
0 0.972274 0.860266 0.0554529 0.0855513
