0 0.618812 0.705446 0.128713 0.0544554
0 0.522277 0.732673 0.10396 0.0693069
0 0.210396 0.700495 0.143564 0.10396
0 0.200495 0.829208 0.113861 0.10396
0 0.438119 0.339109 0.123762 0.0940594
0 0.210396 0.576733 0.0841584 0.0841584
0 0.0990099 0.829208 0.0693069 0.0841584
0 0.754951 0.321782 0.0940594 0.0990099
0 0.0915842 0.0767327 0.0643564 0.0643564
0 0.309406 0.653465 0.0346535 0.0990099
0 0.269802 0.287129 0.143564 0.0693069
0 0.155941 0.279703 0.0544554 0.0940594
0 0.762376 0.908416 0.0990099 0.0742574
