0 0.457921 0.59901 0.153465 0.0990099
0 0.0915842 0.878713 0.133663 0.0742574
0 0.70297 0.0742574 0.0891089 0.118812
0 0.15099 0.435644 0.113861 0.138614
0 0.403465 0.413366 0.0841584 0.0643564
0 0.225248 0.361386 0.0940594 0.0990099
0 0.25495 0.740099 0.0445545 0.10396
0 0.0816832 0.608911 0.0940594 0.0693069
0 0.0420792 0.502475 0.0841584 0.0742574
0 0.561881 0.20297 0.0940594 0.0792079
0 0.460396 0.915842 0.0594059 0.0891089
0 0.210396 0.856436 0.0742574 0.108911
0 0.0569307 0.274752 0.0742574 0.0940594
0 0.217822 0.962871 0.108911 0.0742574
