0 0.0615385 0.630952 0.107692 0.134921
0 0.95 0.222222 0.0692308 0.126984
0 0.65 0.833333 0.130769 0.126984
0 0.861538 0.833333 0.138462 0.126984
0 0.3 0.210317 0.123077 0.134921
0 0.3 0.626984 0.123077 0.142857
0 0.176923 0.833333 0.123077 0.126984
0 0.75 0.619048 0.1 0.126984
0 0.169231 0.420635 0.123077 0.126984
0 0.75 0.218254 0.1 0.119048
0 0.953846 0.630952 0.0923077 0.119048
0 0.0615385 0.218254 0.107692 0.150794
0 0.403846 0.833333 0.115385 0.126984
0 0.519231 0.210317 0.115385 0.119048
0 0.519231 0.619048 0.115385 0.15873
0 0.180769 0.0357143 0.1 0.0714286
0 0.861538 0.412698 0.123077 0.126984
0 0.407692 0.0396825 0.107692 0.0793651
0 0.642308 0.0396825 0.1 0.0793651
0 0.869231 0.0396825 0.0923077 0.0793651
