0 0.0285714 0.0391061 0.0380952 0.0782123
0 0.0392857 0.409218 0.0690476 0.0698324
0 0.535714 0.828212 0.0666667 0.0418994
0 0.321429 0.0460894 0.0619048 0.0586592
0 0.333333 0.913408 0.0714286 0.0893855
0 0.296429 0.832402 0.0738095 0.106145
0 0.92381 0.21229 0.142857 0.139665
0 0.825 0.424581 0.05 0.0614525
0 0.62619 0.153631 0.109524 0.117318
0 0.30119 0.428771 0.0833333 0.153631
0 0.122619 0.427374 0.0547619 0.0837989
0 0.169048 0.277933 0.128571 0.142458
0 0.482143 0.051676 0.0642857 0.0698324
0 0.404762 0.0460894 0.0571429 0.075419
0 0.208333 0.431564 0.0738095 0.108939
0 0.934524 0.50838 0.107143 0.139665
0 0.434524 0.409218 0.0452381 0.0530726
0 0.935714 0.0851955 0.119048 0.125698
