0 0.730769 0.626984 0.107692 0.142857
0 0.5 0.619048 0.107692 0.15873
0 0.946154 0.210317 0.0769231 0.134921
0 0.0461538 0.218254 0.0923077 0.134921
0 0.15 0.416667 0.1 0.134921
0 0.142308 0.0277778 0.1 0.0555556
0 0.85 0.837302 0.146154 0.150794
0 0.05 0.630952 0.1 0.119048
0 0.503846 0.198413 0.1 0.126984
0 0.611538 0.837302 0.130769 0.134921
0 0.853846 0.031746 0.123077 0.0634921
0 0.726923 0.206349 0.115385 0.126984
0 0.373077 0.833333 0.130769 0.126984
0 0.261538 0.206349 0.123077 0.142857
0 0.946154 0.634921 0.0923077 0.142857
0 0.838462 0.412698 0.138462 0.142857
0 0.388462 0.031746 0.1 0.0634921
0 0.623077 0.031746 0.0923077 0.0634921
