0 0.969108 0.255168 0.0617849 0.0839793
0 0.561785 0.894057 0.194508 0.193798
0 0.850686 0.762274 0.0675057 0.0852713
0 0.950801 0.713824 0.0983982 0.179587
0 0.0383295 0.0155039 0.0720824 0.0310078
0 0.562929 0.0710594 0.173913 0.142119
0 0.231693 0.168605 0.0720824 0.0994832
0 0.108696 0.514212 0.0983982 0.100775
0 0.143021 0.705426 0.132723 0.142119
0 0.921053 0.510336 0.0915332 0.0775194
0 0.631579 0.611757 0.118993 0.0503876
0 0.323227 0.164083 0.127002 0.113695
0 0.435355 0.361111 0.0720824 0.0736434
0 0.889588 0.23385 0.0949657 0.0723514
0 0.661899 0.213178 0.0949657 0.0723514
0 0.894165 0.0406977 0.076659 0.0426357
0 0.707666 0.385013 0.0675057 0.0930233
