0 0.772879 0.243678 0.0682196 0.091954
0 0.440932 0.532184 0.0532446 0.0482759
0 0.208819 0.636782 0.0382695 0.045977
0 0.0482529 0.250575 0.0432612 0.0367816
0 0.140599 0.0643678 0.0615641 0.0505747
0 0.148918 0.702299 0.0549085 0.0574713
0 0.52995 0.91954 0.0482529 0.0505747
0 0.181364 0.463218 0.0432612 0.0528736
0 0.0831947 0.975862 0.0432612 0.0436782
0 0.657238 0.882759 0.0432612 0.0413793
0 0.402662 0.951724 0.0532446 0.0597701
0 0.133943 0.570115 0.0515807 0.0597701
0 0.509151 0.158621 0.063228 0.0735632
0 0.21381 0.182759 0.0648918 0.0666667
0 0.0299501 0.32069 0.0332779 0.0712644
0 0.375208 0.0643678 0.078203 0.114943
0 0.821131 0.0804598 0.0648918 0.0551724
0 0.472546 0.385057 0.0665557 0.0666667
0 0.327787 0.963218 0.063228 0.0735632
0 0.312812 0.490805 0.0698835 0.0804598
0 0.210483 0.83908 0.0582363 0.0689655
0 0.460898 0.257471 0.0432612 0.0551724
0 0.930948 0.654023 0.0415973 0.0436782
0 0.0324459 0.717241 0.0549085 0.0735632
0 0.767055 0.502299 0.063228 0.108046
0 0.911814 0.473563 0.046589 0.0551724
0 0.905158 0.186207 0.0565724 0.0551724
0 0.0282862 0.54023 0.0399334 0.174713
0 0.856073 0.66092 0.0615641 0.0574713
0 0.971714 0.289655 0.0565724 0.0689655
0 0.933444 0.921839 0.109817 0.156322
0 0.72629 0.765517 0.0915141 0.0965517
0 0.602329 0.31954 0.0665557 0.0827586
0 0.762895 0.372414 0.141431 0.188506
0 0.971714 0.749425 0.0532446 0.0781609
0 0.976705 0.556322 0.046589 0.0735632
0 0.590682 0.767816 0.116473 0.110345
0 0.641431 0.611494 0.104825 0.0965517
0 0.3802 0.658621 0.114809 0.117241
