0 0.516113 0.70166 0.0712891 0.0712891
0 0.141602 0.848633 0.248047 0.101562
0 0.756836 0.810059 0.103516 0.161133
0 0.395508 0.271973 0.078125 0.0341797
0 0.813477 0.394043 0.0546875 0.0400391
0 0.753418 0.976562 0.112305 0.0449219
0 0.059082 0.0463867 0.118164 0.0927734
0 0.0239258 0.72168 0.0302734 0.09375
0 0.203125 0.0561523 0.179688 0.104492
0 0.208008 0.573242 0.0546875 0.0585938
0 0.0556641 0.429688 0.0957031 0.179688
0 0.864746 0.755859 0.141602 0.15625
0 0.591797 0.186523 0.121094 0.130859
0 0.456055 0.750977 0.0761719 0.0742188
0 0.964355 0.304688 0.0517578 0.0898438
