0 0.0278396 0.911111 0.0378619 0.0646465
0 0.973274 0.924242 0.0356347 0.0262626
0 0.141425 0.827273 0.131403 0.0909091
0 0.600223 0.567677 0.0512249 0.040404
0 0.0567929 0.688889 0.0690423 0.0484848
0 0.0757238 0.356566 0.106904 0.0545455
0 0.631403 0.744444 0.100223 0.0585859
0 0.883074 0.871717 0.113586 0.0626263
0 0.0467706 0.507071 0.0935412 0.0727273
0 0.831849 0.112121 0.0734967 0.050505
0 0.243875 0.558586 0.113586 0.0585859
0 0.32294 0.874747 0.0757238 0.0525253
0 0.253898 0.734343 0.111359 0.0949495
0 0.194878 0.894949 0.0957684 0.0565657
0 0.759465 0.569697 0.0668151 0.0444444
0 0.371938 0.939394 0.0801782 0.0525253
0 0.787305 0.663636 0.109131 0.0545455
0 0.19265 0.263636 0.131403 0.135354
0 0.351893 0.186869 0.0979955 0.0464646
0 0.349666 0.433333 0.0935412 0.0626263
0 0.379733 0.823232 0.109131 0.0585859
0 0.808463 0.975758 0.124722 0.0484848
0 0.492205 0.780808 0.0757238 0.050505
0 0.731626 0.286869 0.0868597 0.0484848
0 0.770601 0.49899 0.151448 0.0565657
0 0.199332 0.160606 0.0690423 0.0424242
0 0.331849 0.674747 0.106904 0.0484848
0 0.408686 0.564646 0.126949 0.0747475
0 0.614699 0.480808 0.0623608 0.040404
0 0.505568 0.079798 0.111359 0.0828283
