0 0.831543 0.985352 0.0419922 0.0253906
0 0.500488 0.0864258 0.0419922 0.0478516
0 0.722168 0.276855 0.0400391 0.0380859
0 0.116211 0.528809 0.0722656 0.0537109
0 0.667969 0.42334 0.0566406 0.0439453
0 0.318359 0.201172 0.0703125 0.046875
0 0.662109 0.0332031 0.0683594 0.0429688
0 0.47168 0.266602 0.0566406 0.0351562
0 0.0703125 0.598145 0.0644531 0.0595703
0 0.900391 0.398438 0.0410156 0.0292969
0 0.490723 0.14502 0.0615234 0.0498047
0 0.151855 0.725098 0.0439453 0.0419922
0 0.337891 0.0195312 0.0820312 0.0390625
0 0.12793 0.882324 0.0605469 0.0498047
0 0.616211 0.166504 0.0703125 0.0478516
0 0.219238 0.786621 0.0791016 0.0595703
0 0.777832 0.37207 0.0439453 0.0410156
0 0.289062 0.347656 0.0839844 0.0429688
0 0.0561523 0.480469 0.0732422 0.0371094
0 0.597656 0.652344 0.078125 0.0488281
0 0.170898 0.456543 0.167969 0.0498047
0 0.622559 0.975098 0.0654297 0.0498047
0 0.29541 0.90332 0.0693359 0.0742188
0 0.826172 0.527832 0.0859375 0.0966797
0 0.789551 0.748047 0.0849609 0.0488281
0 0.962402 0.204102 0.0615234 0.0625
0 0.91748 0.72998 0.104492 0.12207
0 0.84375 0.882324 0.0625 0.0634766
0 0.757324 0.166504 0.0615234 0.0576172
0 0.923828 0.253906 0.0566406 0.0644531
0 0.484863 0.373047 0.0791016 0.0351562
0 0.430176 0.806152 0.0732422 0.0771484
0 0.462402 0.928223 0.0771484 0.0732422
0 0.883789 0.0688477 0.0605469 0.0732422
