0 0.957961 0.839298 0.0500894 0.0308772
0 0.824687 0.202456 0.0357782 0.0385965
0 0.573792 0.533684 0.0903399 0.0512281
0 0.0429338 0.308772 0.0447227 0.0280702
0 0.0831843 0.890526 0.0608229 0.0435088
0 0.308587 0.304912 0.0518784 0.0287719
0 0.521467 0.63193 0.171735 0.12
0 0.737925 0.814035 0.0679785 0.0378947
0 0.763864 0.938947 0.0626118 0.0407018
0 0.0800537 0.761754 0.0563506 0.0470175
0 0.126565 0.482105 0.0599284 0.0392982
0 0.792487 0.877544 0.0518784 0.0357895
0 0.282648 0.921053 0.0429338 0.0414035
0 0.437835 0.826667 0.0599284 0.0392982
0 0.120304 0.311579 0.0706619 0.0463158
0 0.312165 0.165965 0.0697674 0.0442105
0 0.0380143 0.541754 0.0670841 0.0421053
0 0.650268 0.228421 0.110912 0.045614
0 0.856887 0.254386 0.0608229 0.034386
0 0.255367 0.0859649 0.0635063 0.0357895
0 0.975403 0.21614 0.049195 0.0421053
0 0.427102 0.08 0.101073 0.0491228
0 0.335868 0.78386 0.0617174 0.0533333
0 0.125224 0.617544 0.0608229 0.0392982
0 0.965116 0.680351 0.0536673 0.0357895
0 0.644902 0.767018 0.0483005 0.0364912
0 0.677549 0.353684 0.0760286 0.0519298
0 0.0934705 0.214737 0.0849732 0.0505263
0 0.248211 0.461053 0.113596 0.0631579
0 0.750894 0.495789 0.0849732 0.034386
0 0.0384615 0.618947 0.0626118 0.0491228
0 0.570215 0.428421 0.199463 0.115789
0 0.894007 0.979298 0.0724508 0.0385965
0 0.876118 0.578947 0.0939177 0.0715789
0 0.963775 0.609474 0.0724508 0.0414035
0 0.483453 0.301754 0.0599284 0.0421053
0 0.484347 0.0150877 0.068873 0.0287719
0 0.89356 0.730175 0.0822898 0.0414035
0 0.554114 0.888772 0.131485 0.0905263
0 0.222272 0.807018 0.0724508 0.0435088
0 0.115832 0.12807 0.088551 0.0568421
0 0.950358 0.136842 0.088551 0.0926316
0 0.255367 0.645965 0.10644 0.0849123
0 0.82424 0.387368 0.10644 0.101053
0 0.743292 0.0621053 0.171735 0.124211
