0 0.979612 0.316188 0.0407767 0.0332829
0 0.802913 0.69062 0.0640777 0.0499244
0 0.895146 0.822239 0.0466019 0.0347958
0 0.417476 0.607413 0.0504854 0.0378215
0 0.413592 0.217852 0.0815534 0.0514372
0 0.221359 0.894856 0.0699029 0.0468986
0 0.123301 0.0627837 0.149515 0.0771558
0 0.64466 0.509834 0.182524 0.151286
0 0.760194 0.445537 0.0601942 0.0468986
0 0.894175 0.0506808 0.0446602 0.03177
0 0.076699 0.379728 0.0873786 0.0665658
0 0.263107 0.536309 0.11068 0.0711044
0 0.113592 0.565809 0.0718447 0.0574887
0 0.365049 0.920575 0.0776699 0.0741301
0 0.754369 0.651286 0.0873786 0.0499244
0 0.756311 0.971256 0.0718447 0.0574887
0 0.139806 0.727685 0.0815534 0.0695915
0 0.370874 0.69289 0.0776699 0.0635401
0 0.827184 0.879728 0.0776699 0.0892587
0 0.11165 0.185325 0.130097 0.131619
0 0.96699 0.531014 0.0660194 0.0574887
0 0.947573 0.142209 0.104854 0.0847201
0 0.442718 0.881241 0.0660194 0.0590015
0 0.696117 0.290469 0.0796117 0.0605144
0 0.860194 0.741301 0.0699029 0.0484115
0 0.227184 0.393343 0.112621 0.130106
0 0.683495 0.026475 0.0854369 0.0529501
0 0.200971 0.631619 0.0834951 0.0559758
0 0.350485 0.251135 0.0601942 0.0453858
0 0.426214 0.757186 0.0873786 0.0711044
